[gd_resource type="SkeletonProfile" format=3 uid="uid://dad2icx1urui5"]

[resource]
root_bone = &"root"
scale_base_bone = &"pelvis"
group_size = 4
bone_size = 89
groups/0/group_name = &"Body"
groups/1/group_name = &"Face"
groups/2/group_name = &"LeftHand"
groups/3/group_name = &"RightHand"
bones/0/bone_name = &"root"
bones/0/bone_parent = &""
bones/0/tail_direction = 0
bones/0/reference_pose = Transform3D(1, 0, 0, 0, 1, 0, 0, 0, 1, 0, 0, 0)
bones/0/handle_offset = Vector2(0, 0)
bones/0/group = &"Body"
bones/0/require = true
bones/1/bone_name = &"pelvis"
bones/1/bone_parent = &"root"
bones/1/tail_direction = 0
bones/1/reference_pose = Transform3D(0, 0, -1, 0.06336719, 0.99799025, 0, 0.99799025, -0.06336719, 0, -3.4314998e-19, -0.022808662, 0.9589678)
bones/1/handle_offset = Vector2(0, 0)
bones/1/group = &"Body"
bones/1/require = true
bones/2/bone_name = &"spine_01"
bones/2/bone_parent = &"pelvis"
bones/2/tail_direction = 0
bones/2/reference_pose = Transform3D(0.9683339, 0.2496588, 7.526948e-18, -0.2496588, 0.9683339, -1.6928713e-18, -7.711239e-18, -2.399042e-19, 1, 0.036770534, 6.938894e-17, -4.5206955e-18)
bones/2/handle_offset = Vector2(0, 0)
bones/2/group = &"Body"
bones/2/require = true
bones/3/bone_name = &"spine_02"
bones/3/bone_parent = &"spine_01"
bones/3/tail_direction = 0
bones/3/reference_pose = Transform3D(0.99817246, -0.060429562, -3.7002436e-18, 0.060429562, 0.99817246, -1.119043e-19, 3.7002436e-18, -1.119043e-19, 1, 0.06795058, 1.9428903e-16, 2.6373206e-18)
bones/3/handle_offset = Vector2(0, 0)
bones/3/group = &"Body"
bones/3/require = true
bones/4/bone_name = &"spine_03"
bones/4/bone_parent = &"spine_02"
bones/4/tail_direction = 0
bones/4/reference_pose = Transform3D(0.98180634, -0.18988511, -4.060474e-18, 0.18988511, 0.98180634, 1.0510503e-19, 3.9666412e-18, -8.742164e-19, 1, 0.07238228, -2.359224e-16, 1.7969577e-18)
bones/4/handle_offset = Vector2(0, 0)
bones/4/group = &"Body"
bones/4/require = true
bones/5/bone_name = &"spine_04"
bones/5/bone_parent = &"spine_03"
bones/5/tail_direction = 0
bones/5/reference_pose = Transform3D(0.9947619, -0.10221934, 8.01988e-07, 0.10221934, 0.9947619, -7.8046605e-06, 2.842171e-14, 7.845757e-06, 1, 0.08523893, -5.551115e-17, 2.8494782e-18)
bones/5/handle_offset = Vector2(0, 0)
bones/5/group = &"Body"
bones/5/require = true
bones/6/bone_name = &"spine_05"
bones/6/bone_parent = &"spine_04"
bones/6/tail_direction = 0
bones/6/reference_pose = Transform3D(0.9999293, -0.011892209, -3.3040237e-13, 0.011892209, 0.9999293, 7.845772e-06, -9.330323e-08, -7.845218e-06, 1, 0.194398, -1.7817309e-09, -2.6130966e-18)
bones/6/handle_offset = Vector2(0, 0)
bones/6/group = &"Body"
bones/6/require = true
bones/7/bone_name = &"neck_01"
bones/7/bone_parent = &"spine_05"
bones/7/tail_direction = 0
bones/7/reference_pose = Transform3D(0.91405296, 0.4055948, 6.4174154e-17, -0.4055948, 0.91405296, 1.3846453e-16, -2.4980821e-18, -1.5259261e-16, 1, 0.11887766, 1.110223e-16, 1.442899e-17)
bones/7/handle_offset = Vector2(0, 0)
bones/7/group = &"Body"
bones/7/require = true
bones/8/bone_name = &"neck_02"
bones/8/bone_parent = &"neck_01"
bones/8/tail_direction = 0
bones/8/reference_pose = Transform3D(0.99944234, -0.033391166, -5.7092485e-08, 0.033391166, 0.99944234, 1.7088547e-06, 0, -1.7098081e-06, 1, 0.051102594, -4.9960036e-16, -4.0886656e-16)
bones/8/handle_offset = Vector2(0, 0)
bones/8/group = &"Body"
bones/8/require = true
bones/9/bone_name = &"head"
bones/9/bone_parent = &"neck_02"
bones/9/tail_direction = 0
bones/9/reference_pose = Transform3D(0.9785803, -0.2058655, 2.7057055e-08, 0.2058655, 0.9785803, -1.7041327e-06, 3.2434457e-07, 1.6732008e-06, 1, 0.04912971, -5.551115e-16, 2.1660125e-16)
bones/9/handle_offset = Vector2(0, 0)
bones/9/group = &"Body"
bones/9/require = true
bones/10/bone_name = &"clavicle_l"
bones/10/bone_parent = &"spine_05"
bones/10/tail_direction = 0
bones/10/reference_pose = Transform3D(-0.14213252, 0.17932218, 0.973469, 0.07203191, 0.9827197, -0.17050914, -0.98722327, 0.04588593, -0.15259337, 0.055162687, 0.0131476605, -0.014279042)
bones/10/handle_offset = Vector2(0, 0)
bones/10/group = &"Body"
bones/10/require = true
bones/11/bone_name = &"upperarm_l"
bones/11/bone_parent = &"clavicle_l"
bones/11/tail_direction = 0
bones/11/reference_pose = Transform3D(0.69227874, 0.02150706, 0.72130966, -0.052763805, 0.9983889, 0.020871555, -0.71969867, -0.052507974, 0.6922982, 0.17809522, 2.220446e-16, 8.881784e-16)
bones/11/handle_offset = Vector2(0, 0)
bones/11/group = &"Body"
bones/11/require = true
bones/12/bone_name = &"lowerarm_l"
bones/12/bone_parent = &"upperarm_l"
bones/12/tail_direction = 0
bones/12/reference_pose = Transform3D(0.7773785, 0.62903315, -1.1894765e-16, -0.62903315, 0.7773785, 8.894489e-17, 1.4841664e-16, 5.678158e-18, 1, 0.2777114, 1.0408341e-16, -7.771561e-16)
bones/12/handle_offset = Vector2(0, 0)
bones/12/group = &"Body"
bones/12/require = true
bones/13/bone_name = &"lowerarm_twist_02_l"
bones/13/bone_parent = &"lowerarm_l"
bones/13/tail_direction = 0
bones/13/reference_pose = Transform3D(0.9989452, -0.03531958, -0.029343376, 0.03463655, 0.9991244, -0.023468321, 0.030146575, 0.022427214, 0.99929386, 0.09083691, -6.661338e-16, 5.551115e-16)
bones/13/handle_offset = Vector2(0, 0)
bones/13/group = &"Body"
bones/13/require = true
bones/14/bone_name = &"lowerarm_twist_01_l"
bones/14/bone_parent = &"lowerarm_l"
bones/14/tail_direction = 0
bones/14/reference_pose = Transform3D(0.9989452, -0.035319578, -0.029343244, 0.034636553, 0.9991244, -0.023468317, 0.030146442, 0.022427214, 0.99929386, 0.18167382, -4.440892e-16, 6.661338e-16)
bones/14/handle_offset = Vector2(0, 0)
bones/14/group = &"Body"
bones/14/require = true
bones/15/bone_name = &"hand_l"
bones/15/bone_parent = &"lowerarm_l"
bones/15/tail_direction = 0
bones/15/reference_pose = Transform3D(0.9991489, -0.035996486, -0.02014322, 0.03225341, 0.3773483, 0.9255096, -0.025714083, -0.9253715, 0.37818813, 0.27251074, -5.551115e-16, 6.661338e-16)
bones/15/handle_offset = Vector2(0, 0)
bones/15/group = &"Body"
bones/15/require = true
bones/16/bone_name = &"index_metacarpal_l"
bones/16/bone_parent = &"hand_l"
bones/16/tail_direction = 0
bones/16/reference_pose = Transform3D(0.9917823, 0.01787405, 0.12668237, -0.010492981, 0.99822086, -0.05869402, -0.12750608, 0.05688241, 0.99020535, 0.034445062, -0.003846808, -0.023793245)
bones/16/handle_offset = Vector2(0, 0)
bones/16/group = &"LeftHand"
bones/16/require = true
bones/17/bone_name = &"index_01_l"
bones/17/bone_parent = &"index_metacarpal_l"
bones/17/tail_direction = 0
bones/17/reference_pose = Transform3D(0.9179417, -0.39671537, -2.9380815e-16, 0.39671537, 0.9179417, 3.0101603e-16, 1.5028106e-16, -3.9287336e-16, 1, 0.05877098, 0.00043181737, 0.0024087569)
bones/17/handle_offset = Vector2(0, 0)
bones/17/group = &"LeftHand"
bones/17/require = true
bones/18/bone_name = &"index_02_l"
bones/18/bone_parent = &"index_01_l"
bones/18/tail_direction = 0
bones/18/reference_pose = Transform3D(0.96640944, -0.25700748, -1.8829921e-16, 0.25700748, 0.96640944, 1.4476775e-16, 1.4476775e-16, -1.8829921e-16, 1, 0.040799998, 1.110223e-16, -9.992007e-16)
bones/18/handle_offset = Vector2(0, 0)
bones/18/group = &"LeftHand"
bones/18/require = true
bones/19/bone_name = &"index_03_l"
bones/19/bone_parent = &"index_02_l"
bones/19/tail_direction = 0
bones/19/reference_pose = Transform3D(0.976234, -0.21671906, -1.2526192e-16, 0.21671906, 0.976234, -2.665408e-16, 1.8004941e-16, 2.3305955e-16, 1, 0.02595, 6.661338e-16, -2.4980018e-16)
bones/19/handle_offset = Vector2(0, 0)
bones/19/group = &"LeftHand"
bones/19/require = true
bones/20/bone_name = &"middle_metacarpal_l"
bones/20/bone_parent = &"hand_l"
bones/20/tail_direction = 0
bones/20/reference_pose = Transform3D(0.9991789, 0.040509984, 0.0007398861, -0.04045242, 0.99639785, 0.07453119, 0.002282036, -0.07449991, 0.99721843, 0.033758335, -0.007535707, -0.0018286437)
bones/20/handle_offset = Vector2(0, 0)
bones/20/group = &"LeftHand"
bones/20/require = true
bones/21/bone_name = &"middle_01_l"
bones/21/bone_parent = &"middle_metacarpal_l"
bones/21/tail_direction = 0
bones/21/reference_pose = Transform3D(0.85197663, -0.5235798, -1.3456298e-16, 0.5235798, 0.85197663, 5.1879167e-17, 8.748163e-17, -1.1465429e-16, 1, 0.06098209, 6.661338e-16, 3.0531133e-16)
bones/21/handle_offset = Vector2(0, 0)
bones/21/group = &"LeftHand"
bones/21/require = true
bones/22/bone_name = &"middle_02_l"
bones/22/bone_parent = &"middle_01_l"
bones/22/tail_direction = 0
bones/22/reference_pose = Transform3D(0.9350164, -0.35460457, 3.2929806e-16, 0.35460457, 0.9350164, -8.5766014e-16, -3.7688996e-18, 9.186969e-16, 1, 0.05169, -1.110223e-16, 3.330669e-16)
bones/22/handle_offset = Vector2(0, 0)
bones/22/group = &"LeftHand"
bones/22/require = true
bones/23/bone_name = &"middle_03_l"
bones/23/bone_parent = &"middle_02_l"
bones/23/tail_direction = 0
bones/23/reference_pose = Transform3D(0.9848077, -0.17364818, -2.328021e-16, 0.17364818, 0.9848077, -2.1614371e-16, 2.667983e-16, 1.7243435e-16, 1, 0.02474, 5.551115e-16, 0)
bones/23/handle_offset = Vector2(0, 0)
bones/23/group = &"LeftHand"
bones/23/require = true
bones/24/bone_name = &"thumb_01_l"
bones/24/bone_parent = &"hand_l"
bones/24/tail_direction = 0
bones/24/reference_pose = Transform3D(0.71849775, 0.4771685, 0.5060348, 0.2687593, 0.48057097, -0.8347574, -0.64150554, 0.7357729, 0.21704572, 0.019924466, 0.013566048, -0.02581536)
bones/24/handle_offset = Vector2(0, 0)
bones/24/group = &"LeftHand"
bones/24/require = true
bones/25/bone_name = &"thumb_02_l"
bones/25/bone_parent = &"thumb_01_l"
bones/25/tail_direction = 0
bones/25/reference_pose = Transform3D(0.9182963, -0.39583862, -0.0066171223, 0.39445537, 0.9162553, -0.06986552, 0.03371844, 0.061547082, 0.99753445, 0.04378, 7.771561e-16, -8.881784e-16)
bones/25/handle_offset = Vector2(0, 0)
bones/25/group = &"LeftHand"
bones/25/require = true
bones/26/bone_name = &"thumb_03_l"
bones/26/bone_parent = &"thumb_02_l"
bones/26/tail_direction = 0
bones/26/reference_pose = Transform3D(0.9848077, -0.17364818, 9.7144515e-17, 0.17364818, 0.9848077, 8.499043e-18, -9.7144515e-17, 8.499043e-18, 1, 0.03086, 6.661338e-16, 7.771561e-16)
bones/26/handle_offset = Vector2(0, 0)
bones/26/group = &"LeftHand"
bones/26/require = true
bones/27/bone_name = &"pinky_metacarpal_l"
bones/27/bone_parent = &"hand_l"
bones/27/tail_direction = 0
bones/27/reference_pose = Transform3D(0.92239225, -0.029293507, -0.38514206, 0.19354855, 0.8979558, 0.39523962, 0.33426258, -0.43910965, 0.83393717, 0.033143785, -0.0030591725, 0.02391111)
bones/27/handle_offset = Vector2(0, 0)
bones/27/group = &"LeftHand"
bones/27/require = true
bones/28/bone_name = &"pinky_01_l"
bones/28/bone_parent = &"pinky_metacarpal_l"
bones/28/tail_direction = 0
bones/28/reference_pose = Transform3D(0.96661913, -0.2498751, 0.056655325, 0.25599977, 0.951004, -0.17336522, -0.010559788, 0.1820819, 0.98322666, 0.049575675, -0.0014312039, -0.0019884028)
bones/28/handle_offset = Vector2(0, 0)
bones/28/group = &"LeftHand"
bones/28/require = true
bones/29/bone_name = &"pinky_02_l"
bones/29/bone_parent = &"pinky_01_l"
bones/29/tail_direction = 0
bones/29/reference_pose = Transform3D(0.9317736, -0.36303982, 1.467934e-16, 0.36303982, 0.9317736, -4.752903e-16, 3.5771095e-17, 4.9615484e-16, 1, 0.03816, 1.7763568e-15, 6.1062266e-16)
bones/29/handle_offset = Vector2(0, 0)
bones/29/group = &"LeftHand"
bones/29/require = true
bones/30/bone_name = &"pinky_03_l"
bones/30/bone_parent = &"pinky_02_l"
bones/30/tail_direction = 0
bones/30/reference_pose = Transform3D(0.9963199, -0.085712545, -1.5623075e-16, 0.085712545, 0.9963199, 7.6712426e-17, 1.490806e-16, -8.9821055e-17, 1, 0.020399999, 2.220446e-16, 1.6653345e-16)
bones/30/handle_offset = Vector2(0, 0)
bones/30/group = &"LeftHand"
bones/30/require = true
bones/31/bone_name = &"ring_metacarpal_l"
bones/31/bone_parent = &"hand_l"
bones/31/tail_direction = 0
bones/31/reference_pose = Transform3D(0.97845507, 0.074142545, -0.19268772, -0.02723781, 0.9714926, 0.23550001, 0.20465526, -0.2251778, 0.95258135, 0.03374304, -0.0054251687, 0.010917566)
bones/31/handle_offset = Vector2(0, 0)
bones/31/group = &"LeftHand"
bones/31/require = true
bones/32/bone_name = &"ring_01_l"
bones/32/bone_parent = &"ring_metacarpal_l"
bones/32/tail_direction = 0
bones/32/reference_pose = Transform3D(0.8710879, -0.48826522, 0.052942876, 0.4911229, 0.86555636, -0.09803277, 0.0020409524, 0.111396626, 0.99377394, 0.05645517, -0.00041624534, -0.00020689174)
bones/32/handle_offset = Vector2(0, 0)
bones/32/group = &"LeftHand"
bones/32/require = true
bones/33/bone_name = &"ring_02_l"
bones/33/bone_parent = &"ring_01_l"
bones/33/tail_direction = 0
bones/33/reference_pose = Transform3D(0.94572294, -0.324974, -6.4958963e-17, 0.324974, 0.94572294, 5.597472e-16, -1.2047011e-16, -5.504758e-16, 1, 0.04977, -7.771561e-16, -9.992007e-16)
bones/33/handle_offset = Vector2(0, 0)
bones/33/group = &"LeftHand"
bones/33/require = true
bones/34/bone_name = &"ring_03_l"
bones/34/bone_parent = &"ring_02_l"
bones/34/tail_direction = 0
bones/34/reference_pose = Transform3D(0.9872254, -0.15932983, 5.680809e-17, 0.15932983, 0.9872254, -1.0569372e-15, 1.1231924e-16, 1.0524865e-15, 1, 0.022650002, 3.330669e-16, 1.6653345e-15)
bones/34/handle_offset = Vector2(0, 0)
bones/34/group = &"LeftHand"
bones/34/require = true
bones/35/bone_name = &"upperarm_twist_01_l"
bones/35/bone_parent = &"upperarm_l"
bones/35/tail_direction = 0
bones/35/reference_pose = Transform3D(0.9992776, 0.00570037, -0.037573263, -0.0056963447, 0.9999837, 0.00021418495, 0.037573874, 7.275958e-12, 0.99929386, 0.092570454, 6.938894e-17, -7.771561e-16)
bones/35/handle_offset = Vector2(0, 0)
bones/35/group = &"Body"
bones/35/require = true
bones/36/bone_name = &"upperarm_twist_02_l"
bones/36/bone_parent = &"upperarm_l"
bones/36/tail_direction = 0
bones/36/reference_pose = Transform3D(1, -1.2143064e-17, 3.2526065e-19, 1.2143064e-17, 1, 6.938894e-18, -3.2526065e-19, -6.938894e-18, 1, 0.18514091, 6.938894e-17, -9.992007e-16)
bones/36/handle_offset = Vector2(0, 0)
bones/36/group = &"Body"
bones/36/require = true
bones/37/bone_name = &"clavicle_r"
bones/37/bone_parent = &"spine_05"
bones/37/tail_direction = 0
bones/37/reference_pose = Transform3D(0.14213252, -0.17932218, -0.973469, -0.07203191, -0.98271966, 0.17050914, -0.98722327, 0.04588593, -0.15259337, 0.055162203, 0.013148112, 0.014278727)
bones/37/handle_offset = Vector2(0, 0)
bones/37/group = &"Body"
bones/37/require = true
bones/38/bone_name = &"upperarm_r"
bones/38/bone_parent = &"clavicle_r"
bones/38/tail_direction = 0
bones/38/reference_pose = Transform3D(0.69227874, 0.02150706, 0.72130966, -0.052763805, 0.9983889, 0.020871555, -0.71969867, -0.052507974, 0.6922982, -0.17809625, 2.8716144e-08, 4.380969e-06)
bones/38/handle_offset = Vector2(0, 0)
bones/38/group = &"Body"
bones/38/require = true
bones/39/bone_name = &"lowerarm_r"
bones/39/bone_parent = &"upperarm_r"
bones/39/tail_direction = 0
bones/39/reference_pose = Transform3D(0.7773785, 0.62903315, -7.432563e-17, -0.62903315, 0.7773785, -1.9622364e-16, -6.5652015e-17, 1.9929331e-16, 1, -0.27770695, -3.8163916e-16, 6.661338e-16)
bones/39/handle_offset = Vector2(0, 0)
bones/39/group = &"Body"
bones/39/require = true
bones/40/bone_name = &"lowerarm_twist_02_r"
bones/40/bone_parent = &"lowerarm_r"
bones/40/tail_direction = 0
bones/40/reference_pose = Transform3D(0.9989452, -0.03531958, -0.029343376, 0.03463655, 0.9991244, -0.023468321, 0.030146575, 0.022427214, 0.99929386, -0.09083662, -1.110223e-16, -4.440892e-16)
bones/40/handle_offset = Vector2(0, 0)
bones/40/group = &"Body"
bones/40/require = true
bones/41/bone_name = &"lowerarm_twist_01_r"
bones/41/bone_parent = &"lowerarm_r"
bones/41/tail_direction = 0
bones/41/reference_pose = Transform3D(0.9989452, -0.035319578, -0.029343244, 0.034636553, 0.9991244, -0.023468317, 0.030146442, 0.022427214, 0.99929386, -0.18167305, 0, -1.110223e-16)
bones/41/handle_offset = Vector2(0, 0)
bones/41/group = &"Body"
bones/41/require = true
bones/42/bone_name = &"hand_r"
bones/42/bone_parent = &"lowerarm_r"
bones/42/tail_direction = 0
bones/42/reference_pose = Transform3D(0.9991489, -0.035996486, -0.02014322, 0.03225341, 0.3773483, 0.9255096, -0.025714083, -0.9253715, 0.37818813, -0.2725101, -1.110223e-16, -4.440892e-16)
bones/42/handle_offset = Vector2(0, 0)
bones/42/group = &"Body"
bones/42/require = true
bones/43/bone_name = &"pinky_metacarpal_r"
bones/43/bone_parent = &"hand_r"
bones/43/tail_direction = 0
bones/43/reference_pose = Transform3D(0.92239225, -0.029293507, -0.38514206, 0.19354855, 0.8979558, 0.39523962, 0.33426258, -0.43910965, 0.83393717, -0.033146773, 0.0030593534, -0.02391287)
bones/43/handle_offset = Vector2(0, 0)
bones/43/group = &"RightHand"
bones/43/require = true
bones/44/bone_name = &"pinky_01_r"
bones/44/bone_parent = &"pinky_metacarpal_r"
bones/44/tail_direction = 0
bones/44/reference_pose = Transform3D(0.96661913, -0.2498751, 0.056655325, 0.25599977, 0.951004, -0.17336522, -0.010559788, 0.1820819, 0.98322666, -0.049573008, 0.0014326146, 0.0019892026)
bones/44/handle_offset = Vector2(0, 0)
bones/44/group = &"RightHand"
bones/44/require = true
bones/45/bone_name = &"pinky_02_r"
bones/45/bone_parent = &"pinky_01_r"
bones/45/tail_direction = 0
bones/45/reference_pose = Transform3D(0.9317736, -0.36303982, -5.740376e-16, 0.36303982, 0.9317736, 1.6019035e-15, -4.6681653e-17, -1.70101e-15, 1, -0.03816036, 3.0366024e-07, 3.2629205e-07)
bones/45/handle_offset = Vector2(0, 0)
bones/45/group = &"RightHand"
bones/45/require = true
bones/46/bone_name = &"pinky_03_r"
bones/46/bone_parent = &"pinky_02_r"
bones/46/tail_direction = 0
bones/46/reference_pose = Transform3D(0.9963199, -0.085712545, 2.5544329e-09, 0.085712545, 0.9963199, -2.9692648e-08, 0, 2.9802322e-08, 1, -0.020399997, -1.7523877e-07, -3.1002963e-07)
bones/46/handle_offset = Vector2(0, 0)
bones/46/group = &"RightHand"
bones/46/require = true
bones/47/bone_name = &"ring_metacarpal_r"
bones/47/bone_parent = &"hand_r"
bones/47/tail_direction = 0
bones/47/reference_pose = Transform3D(0.97845507, 0.074142545, -0.19268772, -0.02723781, 0.9714926, 0.23550001, 0.20465526, -0.2251778, 0.95258135, -0.03374208, 0.0054299175, -0.010917816)
bones/47/handle_offset = Vector2(0, 0)
bones/47/group = &"RightHand"
bones/47/require = true
bones/48/bone_name = &"ring_01_r"
bones/48/bone_parent = &"ring_metacarpal_r"
bones/48/tail_direction = 0
bones/48/reference_pose = Transform3D(0.8710879, -0.48826522, 0.052942876, 0.4911229, 0.86555636, -0.09803277, 0.0020409524, 0.111396626, 0.99377394, -0.056457117, 0.00041443494, 0.00020674974)
bones/48/handle_offset = Vector2(0, 0)
bones/48/group = &"RightHand"
bones/48/require = true
bones/49/bone_name = &"ring_02_r"
bones/49/bone_parent = &"ring_01_r"
bones/49/tail_direction = 0
bones/49/reference_pose = Transform3D(0.94572294, -0.324974, -3.0560528e-16, 0.324974, 0.94572294, 8.04853e-16, 2.7461655e-17, -8.6048166e-16, 1, -0.049770676, -2.0846834e-07, -2.3612021e-07)
bones/49/handle_offset = Vector2(0, 0)
bones/49/group = &"RightHand"
bones/49/require = true
bones/50/bone_name = &"ring_03_r"
bones/50/bone_parent = &"ring_02_r"
bones/50/tail_direction = 0
bones/50/reference_pose = Transform3D(0.9872254, -0.15932983, -2.0869243e-16, 0.15932983, 0.9872254, -1.843363e-16, 2.3539673e-16, 1.4873055e-16, 1, -0.022649746, 5.001757e-07, -1.12214884e-07)
bones/50/handle_offset = Vector2(0, 0)
bones/50/group = &"RightHand"
bones/50/require = true
bones/51/bone_name = &"middle_metacarpal_r"
bones/51/bone_parent = &"hand_r"
bones/51/tail_direction = 0
bones/51/reference_pose = Transform3D(0.9991789, 0.040509984, 0.0007398861, -0.04045242, 0.99639785, 0.07453119, 0.002282036, -0.07449991, 0.99721843, -0.033758, 0.0075400393, 0.0018280552)
bones/51/handle_offset = Vector2(0, 0)
bones/51/group = &"RightHand"
bones/51/require = true
bones/52/bone_name = &"middle_01_r"
bones/52/bone_parent = &"middle_metacarpal_r"
bones/52/tail_direction = 0
bones/52/reference_pose = Transform3D(0.85197663, -0.5235798, -7.555431e-18, 0.5235798, 0.85197663, 1.3274698e-16, -6.306658e-17, -1.170532e-16, 1, -0.060983658, -1.2385073e-06, 1.4303819e-08)
bones/52/handle_offset = Vector2(0, 0)
bones/52/group = &"RightHand"
bones/52/require = true
bones/53/bone_name = &"middle_02_r"
bones/53/bone_parent = &"middle_01_r"
bones/53/tail_direction = 0
bones/53/reference_pose = Transform3D(0.9350164, -0.35460457, 3.189975e-17, 0.35460457, 0.9350164, -2.523434e-16, 5.965533e-17, 2.4725702e-16, 1, -0.051689915, -7.743859e-07, -3.704567e-07)
bones/53/handle_offset = Vector2(0, 0)
bones/53/group = &"RightHand"
bones/53/require = true
bones/54/bone_name = &"middle_03_r"
bones/54/bone_parent = &"middle_02_r"
bones/54/tail_direction = 0
bones/54/reference_pose = Transform3D(0.9848077, -0.17364818, -5.933605e-17, 0.17364818, 0.9848077, -7.6032795e-16, 1.9046416e-16, 7.3847323e-16, 1, -0.024740469, 4.5777307e-07, 3.4385016e-07)
bones/54/handle_offset = Vector2(0, 0)
bones/54/group = &"RightHand"
bones/54/require = true
bones/55/bone_name = &"index_metacarpal_r"
bones/55/bone_parent = &"hand_r"
bones/55/tail_direction = 0
bones/55/reference_pose = Transform3D(0.9917823, 0.01787405, 0.12668237, -0.010492981, 0.99822086, -0.05869402, -0.12750608, 0.05688241, 0.99020535, -0.03444514, 0.0038516682, 0.023793086)
bones/55/handle_offset = Vector2(0, 0)
bones/55/group = &"RightHand"
bones/55/require = true
bones/56/bone_name = &"index_01_r"
bones/56/bone_parent = &"index_metacarpal_r"
bones/56/tail_direction = 0
bones/56/reference_pose = Transform3D(0.9179417, -0.39671537, -3.4260736e-16, 0.39671537, 0.9179417, 5.369384e-16, 1.0148185e-16, -6.2879576e-16, 1, -0.058772054, -0.00043412362, -0.0024095164)
bones/56/handle_offset = Vector2(0, 0)
bones/56/group = &"RightHand"
bones/56/require = true
bones/57/bone_name = &"index_02_r"
bones/57/bone_parent = &"index_01_r"
bones/57/tail_direction = 0
bones/57/reference_pose = Transform3D(0.96640944, -0.25700748, -1.4130871e-16, 0.25700748, 0.96640944, 4.332064e-16, 2.522478e-17, -4.5497215e-16, 1, -0.040799327, 5.0402058e-08, 3.210666e-07)
bones/57/handle_offset = Vector2(0, 0)
bones/57/group = &"RightHand"
bones/57/require = true
bones/58/bone_name = &"index_03_r"
bones/58/bone_parent = &"index_02_r"
bones/58/tail_direction = 0
bones/58/reference_pose = Transform3D(0.976234, -0.21671906, 1.7664385e-16, 0.21671906, 0.976234, -4.581479e-16, -7.3156336e-17, 4.855417e-16, 1, -0.025950763, 3.9602185e-07, -3.560682e-08)
bones/58/handle_offset = Vector2(0, 0)
bones/58/group = &"RightHand"
bones/58/require = true
bones/59/bone_name = &"thumb_01_r"
bones/59/bone_parent = &"hand_r"
bones/59/tail_direction = 0
bones/59/reference_pose = Transform3D(0.71849775, 0.4771685, 0.5060348, 0.2687593, 0.48057097, -0.8347574, -0.64150554, 0.7357729, 0.21704572, -0.019928325, -0.013566571, 0.025813255)
bones/59/handle_offset = Vector2(0, 0)
bones/59/group = &"RightHand"
bones/59/require = true
bones/60/bone_name = &"thumb_02_r"
bones/60/bone_parent = &"thumb_01_r"
bones/60/tail_direction = 0
bones/60/reference_pose = Transform3D(0.9182963, -0.39583862, -0.0066171223, 0.39445537, 0.9162553, -0.06986552, 0.03371844, 0.061547082, 0.99753445, -0.043778248, 4.2712954e-06, -1.3574546e-06)
bones/60/handle_offset = Vector2(0, 0)
bones/60/group = &"RightHand"
bones/60/require = true
bones/61/bone_name = &"thumb_03_r"
bones/61/bone_parent = &"thumb_02_r"
bones/61/tail_direction = 0
bones/61/reference_pose = Transform3D(0.9848077, -0.17364818, -2.0816682e-16, 0.17364818, 0.9848077, -1.8212237e-17, 2.0816682e-16, -1.8212237e-17, 1, -0.030859523, -1.485116e-07, 4.582558e-07)
bones/61/handle_offset = Vector2(0, 0)
bones/61/group = &"RightHand"
bones/61/require = true
bones/62/bone_name = &"upperarm_twist_01_r"
bones/62/bone_parent = &"upperarm_r"
bones/62/tail_direction = 0
bones/62/reference_pose = Transform3D(0.9992776, 0.00570037, -0.037573263, -0.0056963447, 0.9999837, 0.00021418495, 0.037573874, 7.275958e-12, 0.99929386, -0.09256898, 1.0202638e-07, -1.0078256e-06)
bones/62/handle_offset = Vector2(0, 0)
bones/62/group = &"Body"
bones/62/require = true
bones/63/bone_name = &"upperarm_twist_02_r"
bones/63/bone_parent = &"upperarm_r"
bones/63/tail_direction = 0
bones/63/reference_pose = Transform3D(1, 2.2551405e-17, -2.2063514e-16, -2.2551405e-17, 1, -3.469447e-18, 2.2063514e-16, 3.469447e-18, 1, -0.18513796, 2.0405275e-07, -2.0156513e-06)
bones/63/handle_offset = Vector2(0, 0)
bones/63/group = &"Body"
bones/63/require = true
bones/64/bone_name = &"thigh_r"
bones/64/bone_parent = &"pelvis"
bones/64/tail_direction = 0
bones/64/reference_pose = Transform3D(-0.9965855, -0.053470906, 0.06291406, 0.062003706, -0.9878366, 0.14259893, 0.05452391, 0.14601293, 0.987779, -0.023657262, -0.0011948779, 0.099690914)
bones/64/handle_offset = Vector2(0, 0)
bones/64/group = &"Body"
bones/64/require = true
bones/65/bone_name = &"calf_r"
bones/65/bone_parent = &"thigh_r"
bones/65/tail_direction = 0
bones/65/reference_pose = Transform3D(0.9961873, 0.08723997, 1.3006307e-17, -0.08723997, 0.9961873, 1.250818e-15, 9.6164617e-17, -1.2471838e-15, 1, 0.43341264, 5.551115e-17, 8.326673e-17)
bones/65/handle_offset = Vector2(0, 0)
bones/65/group = &"Body"
bones/65/require = true
bones/66/bone_name = &"foot_r"
bones/66/bone_parent = &"calf_r"
bones/66/tail_direction = 0
bones/66/reference_pose = Transform3D(0.9974751, -0.046485014, 0.053689327, 0.04641345, 0.998919, 0.0025796806, -0.053751204, -8.126022e-05, 0.99855435, 0.4221795, -2.6020852e-18, 0)
bones/66/handle_offset = Vector2(0, 0)
bones/66/group = &"Body"
bones/66/require = true
bones/67/bone_name = &"ball_r"
bones/67/bone_parent = &"foot_r"
bones/67/tail_direction = 0
bones/67/reference_pose = Transform3D(0, 1, -7.910339e-16, -1, 0, -1.3877788e-17, -1.3877761e-17, 7.9103396e-16, 1, 0.07009437, 0.15237595, -0.005389456)
bones/67/handle_offset = Vector2(0, 0)
bones/67/group = &"Body"
bones/67/require = true
bones/68/bone_name = &"calf_twist_02_r"
bones/68/bone_parent = &"calf_r"
bones/68/tail_direction = 0
bones/68/reference_pose = Transform3D(0.9989089, -0.046485014, 0.004497126, 0.04648418, 0.998919, 0.0002906225, -0.0045057745, -8.126019e-05, 0.99998987, 0.1407265, 6.1582683e-17, 0.0003772895)
bones/68/handle_offset = Vector2(0, 0)
bones/68/group = &"Body"
bones/68/require = true
bones/69/bone_name = &"calf_twist_01_r"
bones/69/bone_parent = &"calf_r"
bones/69/tail_direction = 0
bones/69/reference_pose = Transform3D(0.9989089, -0.046485014, 0.004497126, 0.04648418, 0.998919, 0.0002906225, -0.0045057745, -8.126019e-05, 0.99998987, 0.281453, 8.413409e-17, 0.000754579)
bones/69/handle_offset = Vector2(0, 0)
bones/69/group = &"Body"
bones/69/require = true
bones/70/bone_name = &"thigh_twist_01_r"
bones/70/bone_parent = &"thigh_r"
bones/70/tail_direction = 0
bones/70/reference_pose = Transform3D(0.9997296, 0.02281472, 0.0045053344, -0.02281449, 0.9997397, -0.000102814694, -0.004506507, -3.637979e-12, 0.99998987, 0.14447087, 8.326673e-17, 0)
bones/70/handle_offset = Vector2(0, 0)
bones/70/group = &"Body"
bones/70/require = true
bones/71/bone_name = &"thigh_twist_02_r"
bones/71/bone_parent = &"thigh_r"
bones/71/tail_direction = 0
bones/71/reference_pose = Transform3D(0.9997296, 0.02281472, 0.0045053344, -0.02281449, 0.9997397, -0.000102814694, -0.004506507, -3.637979e-12, 0.99998987, 0.28894174, 9.7144515e-17, -3.330669e-16)
bones/71/handle_offset = Vector2(0, 0)
bones/71/group = &"Body"
bones/71/require = true
bones/72/bone_name = &"thigh_l"
bones/72/bone_parent = &"pelvis"
bones/72/tail_direction = 0
bones/72/reference_pose = Transform3D(0.9965855, 0.053470906, -0.06291406, -0.062003706, 0.98783654, -0.14259893, 0.05452391, 0.14601293, 0.987779, -0.023657111, -0.0011004376, -0.09969203)
bones/72/handle_offset = Vector2(0, 0)
bones/72/group = &"Body"
bones/72/require = true
bones/73/bone_name = &"calf_l"
bones/73/bone_parent = &"thigh_l"
bones/73/tail_direction = 0
bones/73/reference_pose = Transform3D(0.9961873, 0.08723997, 1.38650625e-17, -0.08723997, 0.9961873, 3.8871433e-16, 2.0099225e-17, -3.8844185e-16, 1, -0.4334131, 4.1633363e-17, 8.326673e-17)
bones/73/handle_offset = Vector2(0, 0)
bones/73/group = &"Body"
bones/73/require = true
bones/74/bone_name = &"foot_l"
bones/74/bone_parent = &"calf_l"
bones/74/tail_direction = 0
bones/74/reference_pose = Transform3D(0.9974751, -0.046485014, 0.053689327, 0.04641345, 0.998919, 0.0025796806, -0.053751204, -8.126022e-05, 0.99855435, -0.42217913, 5.2041704e-18, 2.7755576e-17)
bones/74/handle_offset = Vector2(0, 0)
bones/74/group = &"Body"
bones/74/require = true
bones/75/bone_name = &"ball_l"
bones/75/bone_parent = &"foot_l"
bones/75/tail_direction = 0
bones/75/reference_pose = Transform3D(0, 1, 2.7365265e-16, -1, 0, -6.8955265e-17, -6.895528e-17, -2.7365265e-16, 1, -0.07009437, -0.15237589, 0.0053888746)
bones/75/handle_offset = Vector2(0, 0)
bones/75/group = &"Body"
bones/75/require = true
bones/76/bone_name = &"calf_twist_02_l"
bones/76/bone_parent = &"calf_l"
bones/76/tail_direction = 0
bones/76/reference_pose = Transform3D(0.9989089, -0.046485014, 0.004497126, 0.04648418, 0.998919, 0.0002906225, -0.0045057745, -8.126019e-05, 0.99998987, -0.14072639, 2.94903e-17, 1.6653345e-16)
bones/76/handle_offset = Vector2(0, 0)
bones/76/group = &"Body"
bones/76/require = true
bones/77/bone_name = &"calf_twist_01_l"
bones/77/bone_parent = &"calf_l"
bones/77/tail_direction = 0
bones/77/reference_pose = Transform3D(0.9989089, -0.046485014, 0.004497126, 0.04648418, 0.998919, 0.0002906225, -0.0045057745, -8.126019e-05, 0.99998987, -0.28145278, 5.067011e-08, -0.0007544811)
bones/77/handle_offset = Vector2(0, 0)
bones/77/group = &"Body"
bones/77/require = true
bones/78/bone_name = &"thigh_twist_01_l"
bones/78/bone_parent = &"thigh_l"
bones/78/tail_direction = 0
bones/78/reference_pose = Transform3D(0.9997296, 0.02281472, 0.0045053344, -0.02281449, 0.9997397, -0.000102814694, -0.004506507, -3.637979e-12, 0.99998987, -0.14447102, -1.3877788e-17, 8.326673e-17)
bones/78/handle_offset = Vector2(0, 0)
bones/78/group = &"Body"
bones/78/require = true
bones/79/bone_name = &"thigh_twist_02_l"
bones/79/bone_parent = &"thigh_l"
bones/79/tail_direction = 0
bones/79/reference_pose = Transform3D(0.9997296, 0.02281472, 0.0045053344, -0.02281449, 0.9997397, -0.000102814694, -0.004506507, -3.637979e-12, 0.99998987, -0.28894204, -2.268898e-08, -8.074864e-08)
bones/79/handle_offset = Vector2(0, 0)
bones/79/group = &"Body"
bones/79/require = true
bones/80/bone_name = &"ik_foot_root"
bones/80/bone_parent = &"root"
bones/80/tail_direction = 0
bones/80/reference_pose = Transform3D(1, 0, 0, 0, 1, 0, 0, 0, 1, 0, 0, 0)
bones/80/handle_offset = Vector2(0, 0)
bones/80/group = &"Body"
bones/80/require = true
bones/81/bone_name = &"ik_foot_l"
bones/81/bone_parent = &"ik_foot_root"
bones/81/tail_direction = 0
bones/81/reference_pose = Transform3D(0.0046494603, -0.1480375, -0.9889709, -0.031211786, 0.9884782, -0.1481105, 0.99950206, 0.031556185, -2.4676323e-05, 0.14087671, 0.009942575, 0.082376376)
bones/81/handle_offset = Vector2(0, 0)
bones/81/group = &"Body"
bones/81/require = true
bones/82/bone_name = &"ik_foot_r"
bones/82/bone_parent = &"ik_foot_root"
bones/82/tail_direction = 0
bones/82/reference_pose = Transform3D(0.0046494603, -0.1480375, -0.9889709, 0.031211786, -0.9884783, 0.1481105, -0.99950206, -0.031556185, 2.4497509e-05, -0.1408756, 0.009848345, 0.082382314)
bones/82/handle_offset = Vector2(0, 0)
bones/82/group = &"Body"
bones/82/require = true
bones/83/bone_name = &"ik_hand_root"
bones/83/bone_parent = &"root"
bones/83/tail_direction = 0
bones/83/reference_pose = Transform3D(1, 0, 0, 0, 1, 0, 0, 0, 1, 0, 0, 0)
bones/83/handle_offset = Vector2(0, 0)
bones/83/group = &"Body"
bones/83/require = true
bones/84/bone_name = &"ik_hand_gun"
bones/84/bone_parent = &"ik_hand_root"
bones/84/tail_direction = 0
bones/84/reference_pose = Transform3D(0.457766, -0.64550906, 0.6113659, 0.6224101, -0.25835752, -0.73882145, 0.63486683, 0.71872765, 0.28350413, -0.4776832, -0.15698805, 1.0446643)
bones/84/handle_offset = Vector2(0, 0)
bones/84/group = &"Body"
bones/84/require = true
bones/85/bone_name = &"ik_hand_l"
bones/85/bone_parent = &"ik_hand_gun"
bones/85/tail_direction = 0
bones/85/reference_pose = Transform3D(-0.58090067, -0.59098434, 0.55972517, -0.59098434, -0.16663623, -0.7892845, 0.55972517, -0.7892845, -0.25246358, 0.4373357, -0.6166985, 0.5840811)
bones/85/handle_offset = Vector2(0, 0)
bones/85/group = &"Body"
bones/85/require = true
bones/86/bone_name = &"ik_hand_r"
bones/86/bone_parent = &"ik_hand_gun"
bones/86/tail_direction = 0
bones/86/reference_pose = Transform3D(1, -2.7755576e-17, -3.8857806e-16, 2.7755576e-17, 1, -1.5265567e-16, 3.8857806e-16, 1.5265567e-16, 1, 1.110223e-16, 2.220446e-16, 8.326673e-17)
bones/86/handle_offset = Vector2(0, 0)
bones/86/group = &"Body"
bones/86/require = true
bones/87/bone_name = &"interaction"
bones/87/bone_parent = &"root"
bones/87/tail_direction = 0
bones/87/reference_pose = Transform3D(1, 0, 0, 0, 1, 0, 0, 0, 1, 0, 0, 0)
bones/87/handle_offset = Vector2(0, 0)
bones/87/group = &"Body"
bones/87/require = true
bones/88/bone_name = &"center_of_mass"
bones/88/bone_parent = &"root"
bones/88/tail_direction = 0
bones/88/reference_pose = Transform3D(1, 0, 0, 0, 1, 0, 0, 0, 1, 0, 0, 0)
bones/88/handle_offset = Vector2(0, 0)
bones/88/group = &"Body"
bones/88/require = true
